In the shape of:    [time, waist, shoulder, elbow]

Nonrobust solution:
0.0000, 0.0000, 0.0000, 0.0000
1.0000, 50.0000, 300.0000, 300.0000
1.2125, 100.0000, 600.0000, 600.0000
2.4006, 150.0000, 900.0000, 900.0000
2.6131, 200.0000, 1200.0000, 1200.0000
5.0000, 150.0000, 900.0000, 900.0000
5.2125, 100.0000, 600.0000, 600.0000
6.4006, 50.0000, 300.0000, 300.0000
6.6131, 0.0000, 0.0000, 0.0000


Robust Solution:
0.0000, 0.0000, 0.0000, 0.0000
1.0000, 12.5000, 75.0000, 75.0000
1.2125, 37.5000, 225.0000, 225.0000
1.4250, 50.0000, 300.0000, 300.0000
2.4006, 75.0000, 450.0000, 450.0000
2.6131, 125.0000, 750.0000, 750.0000
2.8255, 150.0000, 900.0000, 900.0000
3.8011, 162.5000, 975.0000, 975.0000
4.0136, 187.5000, 1125.0000, 1125.0000
4.2261, 200.0000, 1200.0000, 1200.0000
5.0000, 187.5000, 1125.0000, 1125.0000
5.2125, 162.5000, 975.0000, 975.0000
5.4250, 150.0000, 900.0000, 900.0000
6.4006, 125.0000, 750.0000, 750.0000
6.6131, 75.0000, 450.0000, 450.0000
6.8255, 50.0000, 300.0000, 300.0000
7.8011, 37.5000, 225.0000, 225.0000
8.0136, 12.5000, 75.0000, 75.0000
8.2261, 0.0000, 0.0000, 0.0000


Robust Robust Solution:
0.0000, 0.0000, 0.0000, 0.0000
1.0000, 0.7812, 4.6875, 4.6875
1.2125, 3.9062, 23.4375, 23.4375
1.4250, 8.5938, 51.5625, 51.5625
1.6375, 11.7188, 70.3125, 70.3125
1.8500, 12.5000, 75.0000, 75.0000
2.4006, 15.6250, 93.7500, 93.7500
2.6131, 28.1250, 168.7500, 168.7500
2.8255, 46.8750, 281.2500, 281.2500
3.0380, 59.3750, 356.2500, 356.2500
3.2505, 62.5000, 375.0000, 375.0000
3.8011, 67.1875, 403.1250, 403.1250
4.0136, 85.9375, 515.6250, 515.6250
4.2261, 114.0625, 684.3750, 684.3750
4.4386, 132.8125, 796.8750, 796.8750
4.6511, 137.5000, 825.0000, 825.0000
5.0000, 136.7188, 820.3125, 820.3125
5.2017, 139.8438, 839.0625, 839.0625
5.2125, 136.7188, 820.3125, 820.3125
5.4142, 149.2188, 895.3125, 895.3125
5.4250, 144.5312, 867.1875, 867.1875
5.6267, 163.2812, 979.6875, 979.6875
5.6375, 160.1562, 960.9375, 960.9375
5.8392, 172.6562, 1035.9375, 1035.9375
5.8500, 171.8750, 1031.2500, 1031.2500
6.0517, 175.0000, 1050.0000, 1050.0000
6.4006, 171.8750, 1031.2500, 1031.2500
6.6022, 172.6562, 1035.9375, 1035.9375
6.6131, 160.1562, 960.9375, 960.9375
6.8147, 163.2812, 979.6875, 979.6875
6.8255, 144.5312, 867.1875, 867.1875
7.0272, 149.2188, 895.3125, 895.3125
7.0380, 136.7188, 820.3125, 820.3125
7.2397, 139.8438, 839.0625, 839.0625
7.2505, 136.7188, 820.3125, 820.3125
7.4522, 137.5000, 825.0000, 825.0000
7.8011, 132.8125, 796.8750, 796.8750
8.0136, 114.0625, 684.3750, 684.3750
8.2261, 85.9375, 515.6250, 515.6250
8.4386, 67.1875, 403.1250, 403.1250
8.6511, 62.5000, 375.0000, 375.0000
9.2017, 59.3750, 356.2500, 356.2500
9.4142, 46.8750, 281.2500, 281.2500
9.6267, 28.1250, 168.7500, 168.7500
9.8392, 15.6250, 93.7500, 93.7500
10.0517, 12.5000, 75.0000, 75.0000
10.6022, 11.7188, 70.3125, 70.3125
10.8147, 8.5938, 51.5625, 51.5625
11.0272, 3.9062, 23.4375, 23.4375
11.2397, 0.7812, 4.6875, 4.6875
11.4522, 0.0000, 0.0000, 0.0000
